27.483767270611597
28.308189156104522
29.008275547011515
29.20194841651381
29.471997309403683
29.861343955566202
30.477913538111906
30.80917582395233
30.04975779479065
30.40660071081679
30.93087556460897
29.950942464655775
31.42485842213246
30.869669202786334
31.3429043452668
31.88160192120902
31.976465746702786
30.625608607071474
32.57638524689052
32.377849426310206
32.34637812267391
31.84790534552695
32.90258781362231
32.261032022778764
32.592723068075806
32.30189421699699
32.601842423564634
32.742966507523285
32.00235522552688
32.75232823463073
32.813315980299734
33.407167195874145
32.73444086940958
33.50596583950607
32.92669153949471
33.90189569732099
31.568371017499494
32.611743191876556
33.84546138599532
32.187843443718364
33.535651622200405
34.06995108122771
33.71855230972945
33.94225175920162
33.716054125373724
33.963371747770736
33.24669070901295
33.61438975066351
33.918601804785595
33.49967956043346
33.33606646208894
